11000110001110100011101001111010101110101111101100
11101101111011101110111100111100100110010111001101
10011111110000111100011111001011110011111101001111
01011111011011110111110100011010011101010110101110
11000101100110110101011011110010110111001011101101
11101011111000010000000100100110000101000001000110
01010000101111011001111000111011011101110110111100
00110000001101001100001110000011111010000010100001
10111101010001010100011101001001010010110111101101
10110100110101001111000010110011000110001110001100
01110100011101001010000010001010010010011100100010
01001100101011110100100101111010001111000111001011
01110010111011010001010011001001101001111001011001
11011011110100111000000111001011010011100100010010
01100101010011111000110001110001100011001011010100
01111010111101000111010011010100110101010001110101
01111101100101011001010110110101110001111011011000
01010111111110000111100010100100101000101010101100
10111100111110110011000110001110001100011101000111
01001010000010001010010101101011100001001000100100
11110001111001010010101001111100011000111000110001
10010101000001000101001011100011110010111000001000
01100101110100011110001110110111011101101111000011
00001110010110000110110111011011010111001111110001
00111100100101000111010001100010000000100010011101
00011010101010110010111000100101100101110100000001
10000010011001100010100000101010001011011001011000
01011001100111110001100011100011000000011011011101
11001010001011100011000110100000011001000110100011
11101000111010010100000100010100100001101100011100
10100001110100000111011101000111011110000100100010
01001111000111100101001010100111110001100011100011
00001001000011110000111110100001111100011111001111
11010110111111111011111000111111100111111011111111
01111111101100000011000010011110010101100010111110
10011000110110010011011111111101111100011101000111
11100011001010110011010000011001110110100001101001
01101010001100001010011010110011011011000110110111
01000011011100110111100010100111000001110000011100
01110100010110010111001011100000111001101110100100
00111111110110000001110101110100011011111111101111
10001001101110110011101110111100010111100101100101
11011101011111101111100011101000101011000111100101
11101011010001010110001111011011111001101000111111
00011001011011001110010101100010111110110111110101
11111001111111011110010111101011111001111110100011
00010100011111100101000101000101010010000001011001
01110111010100001100111111000011101101000100001000
10100001000101011100101110100100011001001001010110
00010010111011100010011000100111001111011110010100
00010100111111111011000001101000110111111111011111
00010010101000101011001011001000010110011001111100
01100011100011000111010001110100100101101100000011
00101110010100001011110000000001100000010110110101
00100101000101010101100101111001111000001000000111
00001011001