10011101011001111110001100111010110111011110011001
11010111011100011110111110000011010111011010000110
01111000101111011110100111110100000110100001110100
10011001110101110100101110011101010100110111100011
10100001001111101010000000010111101010000001001010
01101100111111000111101010000010011111001111000100
00000101010011111100101011110100110010101101110001
10010101011000101010011111010011111010011111110101
11110110101000110010110010110100111001010110011110
01001111110111010111100110011101011101110001111011
11100000110101110110100001100111100010111101111010
01111101110010110010101011110101111010101011111111
01100111111000111101010011101011011001001111101111
11000000011101011011110110010100000110100001110111
00011001011001001111010110001011001010101010110010
01111000101111011110100111101100101110011101010110
01111110001111010101010110011001111001011010111010
00001101000011101110011001111101000101111011111010
01111100101010011110110010100111000001101000101101
01011111111011001111110001111010111111111100000010
01111011110001011110011001010101111111101100111111
00011110101000010101101111100111111000111100001011
01010100001010111101011101101100011100101110100000
00110010011110010101110101100100011110101010100000
01101010100000000110011111001000101111010110011111
10001111010100000110101001111110011001001011111111
01011000010111111001010010001111001110101110101100
10101101110001100101001111101010100001111000100101
01100000000011001100111010111011011100110011111111
00011101100101111110001001011001111010000010101101
11001000111111010100010000001101011101111101010101
11111110101001010110101000000010011011110101011010
11000110110010101100011110101011000101000000110010
10110011001010011101101100100010101100111111110000
00101010110001010100111000000010110000111110101000
00101011001100101001110111010100000000000100000001
10001011010011000101011000010001001011010100000000
01111110101010110001010100000101100001111100000001
11110011111100111111011110100110110010100000011010
11101100101111000010110111110111111000001101001110
10110000001100101100111010101101000000100111011111
10000111010000001001010111101011101101100111111000
11110101010000000010011111100010101011111111010010
01100111010111010010111001110101010011011110001110
10000100111110100010101100111111000111101010100011
11000000010101111011111011110100110111110110101001
10011001000100101111010001111111011010100111110100
00000010010110111111010000111010101000000010010011
11111000011101001111111010100011010110110111010101
00000110100001110111111110010100101001111100001110
10011100101101110001111000000000101001111101011011
10011001111110001010100111110110010110001111000101
11101010000011010000111010001011110010010000010011
0100000100111111001010111101001110